Checkpoint version: 1
2
526600
0.25
131650
0 0 0 
0.20000000000000001 0.20000000000000001 0.10000000000000001 
(8 0
((0,0,0) (7,7,3) (0,0,0))
((0,0,4) (7,7,7) (0,0,0))
((8,0,0) (15,7,3) (0,0,0))
((8,0,4) (15,7,7) (0,0,0))
((0,8,0) (7,15,3) (0,0,0))
((0,8,4) (7,15,7) (0,0,0))
((8,8,0) (15,15,3) (0,0,0))
((8,8,4) (15,15,7) (0,0,0))
)
(8 0
((0,0,4) (15,15,11) (0,0,0))
((0,0,12) (15,15,15) (0,0,0))
((16,0,4) (31,15,11) (0,0,0))
((16,0,12) (31,15,15) (0,0,0))
((0,16,4) (15,31,11) (0,0,0))
((0,16,12) (15,31,15) (0,0,0))
((16,16,4) (31,31,11) (0,0,0))
((16,16,12) (31,31,15) (0,0,0))
)
