1
1
1
1
(8 0
((0,0,0) (7,7,3) (0,0,0))
((0,0,4) (7,7,7) (0,0,0))
((8,0,0) (15,7,3) (0,0,0))
((8,0,4) (15,7,7) (0,0,0))
((0,8,0) (7,15,3) (0,0,0))
((0,8,4) (7,15,7) (0,0,0))
((8,8,0) (15,15,3) (0,0,0))
((8,8,4) (15,15,7) (0,0,0))
)
8
FabOnDisk: volfrac_D_00000 0
FabOnDisk: volfrac_D_00001 0
FabOnDisk: volfrac_D_00002 0
FabOnDisk: volfrac_D_00003 0
FabOnDisk: volfrac_D_00004 0
FabOnDisk: volfrac_D_00005 0
FabOnDisk: volfrac_D_00006 0
FabOnDisk: volfrac_D_00007 0

8,1
1.0000000000000000e+00,
9.9819613423977127e-01,
1.0000000000000000e+00,
9.9879362842102148e-01,
1.0000000000000000e+00,
9.9819044263153223e-01,
1.0000000000000000e+00,
9.9758725684204297e-01,

8,1
1.0000000000000000e+00,
1.0000000000000000e+00,
1.0000000000000000e+00,
1.0000000000000000e+00,
1.0000000000000000e+00,
1.0000000000000000e+00,
1.0000000000000000e+00,
1.0000000000000000e+00,

