1
1
5
1
(8 0
((0,0,0) (7,7,3) (0,0,0))
((0,0,4) (7,7,7) (0,0,0))
((8,0,0) (15,7,3) (0,0,0))
((8,0,4) (15,7,7) (0,0,0))
((0,8,0) (7,15,3) (0,0,0))
((0,8,4) (7,15,7) (0,0,0))
((8,8,0) (15,15,3) (0,0,0))
((8,8,4) (15,15,7) (0,0,0))
)
8
FabOnDisk: X_k_D_00000 0
FabOnDisk: X_k_D_00001 0
FabOnDisk: X_k_D_00002 0
FabOnDisk: X_k_D_00003 0
FabOnDisk: X_k_D_00004 0
FabOnDisk: X_k_D_00005 0
FabOnDisk: X_k_D_00006 0
FabOnDisk: X_k_D_00007 0

8,5
1.9916152429536235e-05,0.0000000000000000e+00,1.9999630562597521e-06,1.9936266119464996e-05,0.0000000000000000e+00,
0.0000000000000000e+00,0.0000000000000000e+00,0.0000000000000000e+00,0.0000000000000000e+00,0.0000000000000000e+00,
1.9932595868585442e-05,0.0000000000000000e+00,1.9999770380195032e-06,1.9948970140251173e-05,0.0000000000000000e+00,
0.0000000000000000e+00,0.0000000000000000e+00,0.0000000000000000e+00,0.0000000000000000e+00,0.0000000000000000e+00,
1.9900065158282394e-05,0.0000000000000000e+00,1.9999597536734657e-06,1.9923265056205461e-05,0.0000000000000000e+00,
0.0000000000000000e+00,0.0000000000000000e+00,0.0000000000000000e+00,0.0000000000000000e+00,0.0000000000000000e+00,
1.9919342054802780e-05,0.0000000000000000e+00,1.9999494355281360e-06,1.9938113641802807e-05,0.0000000000000000e+00,
0.0000000000000000e+00,0.0000000000000000e+00,0.0000000000000000e+00,0.0000000000000000e+00,0.0000000000000000e+00,

8,5
2.0000000000005274e-05,0.0000000000000000e+00,2.0139994739987910e-06,2.0000000000004935e-05,0.0000000000000000e+00,
2.0000000000001889e-05,0.0000000000000000e+00,5.1327269705080540e-06,2.0000000000001692e-05,0.0000000000000000e+00,
2.0000000000002766e-05,0.0000000000000000e+00,2.0113331982953452e-06,2.0000000000003034e-05,0.0000000000000000e+00,
2.0000000000002278e-05,0.0000000000000000e+00,4.3836241219622476e-06,2.0000000000001943e-05,0.0000000000000000e+00,
2.0000000000007571e-05,0.0000000000000000e+00,2.0158882985399184e-06,2.0000000000013056e-05,0.0000000000000000e+00,
2.0000000000001330e-05,0.0000000000000000e+00,6.3210476145397695e-06,2.0000000000004271e-05,0.0000000000000000e+00,
2.0000000000008048e-05,0.0000000000000000e+00,2.0127053858698323e-06,2.0000000000009848e-05,0.0000000000000000e+00,
2.0000000000007215e-05,0.0000000000000000e+00,6.1851588305814564e-06,2.0000000000004200e-05,0.0000000000000000e+00,

