1
1
1
1
(8 0
((0,0,4) (15,15,11) (0,0,0))
((0,0,12) (15,15,15) (0,0,0))
((16,0,4) (31,15,11) (0,0,0))
((16,0,12) (31,15,15) (0,0,0))
((0,16,4) (15,31,11) (0,0,0))
((0,16,12) (15,31,15) (0,0,0))
((16,16,4) (31,31,11) (0,0,0))
((16,16,12) (31,31,15) (0,0,0))
)
8
FabOnDisk: volfrac_D_00000 0
FabOnDisk: volfrac_D_00004 0
FabOnDisk: volfrac_D_00001 0
FabOnDisk: volfrac_D_00005 0
FabOnDisk: volfrac_D_00002 0
FabOnDisk: volfrac_D_00006 0
FabOnDisk: volfrac_D_00003 0
FabOnDisk: volfrac_D_00007 0

8,1
1.0000000000000000e+00,
9.9517451368408605e-01,
1.0000000000000000e+00,
9.9758725684204308e-01,
1.0000000000000000e+00,
9.9493275878971088e-01,
1.0000000000000000e+00,
9.9517451368408605e-01,

8,1
1.0000000000000000e+00,
1.0000000000000000e+00,
1.0000000000000000e+00,
1.0000000000000000e+00,
1.0000000000000000e+00,
1.0000000000000000e+00,
1.0000000000000000e+00,
1.0000000000000000e+00,

