1
1
5
1
(8 0
((0,0,4) (15,15,11) (0,0,0))
((0,0,12) (15,15,15) (0,0,0))
((16,0,4) (31,15,11) (0,0,0))
((16,0,12) (31,15,15) (0,0,0))
((0,16,4) (15,31,11) (0,0,0))
((0,16,12) (15,31,15) (0,0,0))
((16,16,4) (31,31,11) (0,0,0))
((16,16,12) (31,31,15) (0,0,0))
)
8
FabOnDisk: X_k_D_00000 0
FabOnDisk: X_k_D_00004 0
FabOnDisk: X_k_D_00001 0
FabOnDisk: X_k_D_00005 0
FabOnDisk: X_k_D_00002 0
FabOnDisk: X_k_D_00006 0
FabOnDisk: X_k_D_00003 0
FabOnDisk: X_k_D_00007 0

8,5
9.8342189221031504e-06,0.0000000000000000e+00,1.8598238492349788e-06,1.4209927832435664e-05,0.0000000000000000e+00,
0.0000000000000000e+00,0.0000000000000000e+00,0.0000000000000000e+00,0.0000000000000000e+00,0.0000000000000000e+00,
1.0905107558354592e-05,0.0000000000000000e+00,1.8482936647568079e-06,1.4979960969158235e-05,0.0000000000000000e+00,
0.0000000000000000e+00,0.0000000000000000e+00,0.0000000000000000e+00,0.0000000000000000e+00,0.0000000000000000e+00,
9.1561539944491302e-06,0.0000000000000000e+00,1.8612542148607339e-06,1.3863063545140503e-05,0.0000000000000000e+00,
0.0000000000000000e+00,0.0000000000000000e+00,0.0000000000000000e+00,0.0000000000000000e+00,0.0000000000000000e+00,
9.6495385280114829e-06,0.0000000000000000e+00,1.8527310835315287e-06,1.4098686113639095e-05,0.0000000000000000e+00,
0.0000000000000000e+00,0.0000000000000000e+00,0.0000000000000000e+00,0.0000000000000000e+00,0.0000000000000000e+00,

8,5
2.0000000000039196e-05,0.0000000000000000e+00,6.5590950860392691e-06,2.0000000000036959e-05,0.0000000000000000e+00,
1.7380106353594163e-06,0.0000000000000000e+00,1.3299883464470020e-05,1.2558827782543329e-05,0.0000000000000000e+00,
2.0000000000031067e-05,0.0000000000000000e+00,6.0426523274556624e-06,2.0000000000031338e-05,0.0000000000000000e+00,
1.9348559037837305e-06,0.0000000000000000e+00,1.3019606228282338e-05,1.2430525419690784e-05,0.0000000000000000e+00,
2.0000000000047581e-05,0.0000000000000000e+00,6.6396578238046459e-06,2.0000000000096923e-05,0.0000000000000000e+00,
2.9417967100997941e-06,0.0000000000000000e+00,1.2849319934094988e-05,1.1998436083780144e-05,0.0000000000000000e+00,
2.0000000000061716e-05,0.0000000000000000e+00,6.4041450714669370e-06,2.0000000000050420e-05,0.0000000000000000e+00,
1.6304453773288970e-06,0.0000000000000000e+00,1.2659396361572334e-05,1.1915790929477132e-05,0.0000000000000000e+00,

